% Mathematica solution of higher-order Stokes line from Howls
function [G1, G2, G3] = HOSL
G1 = [(-0.672608E-2),(-0.388403E0);(-0.140042E-1),(-0.392857E0);( ...
  -0.178571E-1),(-0.394339E0);(-0.281228E-1),(-0.400449E0);( ...
  -0.357143E-1),(-0.402722E0);(-0.527199E-1),(-0.409863E0);( ...
  -0.535714E-1),(-0.4103E0);(-0.538366E-1),(-0.410449E0);( ...
  -0.545891E-1),(-0.410714E0);(-0.714286E-1),(-0.416551E0);( ...
  -0.802416E-1),(-0.419758E0);(-0.103871E0),(-0.425299E0);( ...
  -0.107143E0),(-0.426272E0);(-0.108944E0),(-0.426771E0);( ...
  -0.119635E0),(-0.428571E0);(-0.139354E0),(-0.432074E0);( ...
  -0.142857E0),(-0.432471E0);(-0.146778E0),(-0.432492E0);( ...
  -0.207517E0),(-0.43534E0);(-0.214286E0),(-0.434918E0);( ...
  -0.219936E0),(-0.434222E0);(-0.247076E0),(-0.431495E0);(-0.25E0),( ...
  -0.431088E0);(-0.25212E0),(-0.430691E0);(-0.264452E0),( ...
  -0.428571E0);(-0.267857E0),(-0.428016E0);(-0.282112E0),( ...
  -0.42497E0);(-0.285714E0),(-0.424351E0);(-0.291578E0),( ...
  -0.422708E0);(-0.310315E0),(-0.417458E0);(-0.321429E0),( ...
  -0.414339E0);(-0.336913E0),(-0.408342E0);(-0.344839E0),( ...
  -0.405161E0);(-0.357143E0),(-0.400298E0);(-0.371547E0),( ...
  -0.392857E0);(-0.385996E0),(-0.385996E0);(-0.392857E0),( ...
  -0.382509E0);(-0.408611E0),(-0.372897E0);(-0.420978E0),( ...
  -0.364736E0);(-0.428571E0),(-0.359808E0);(-0.430134E0),( ...
  -0.358706E0);(-0.431985E0),(-0.357143E0);(-0.464286E0),( ...
  -0.332102E0);(-0.469882E0),(-0.327025E0);(-0.475438E0),( ...
  -0.321429E0);(-0.5E0),(-0.297153E0);(-0.505388E0),(-0.291102E0);( ...
  -0.509641E0),(-0.285714E0);(-0.535714E0),(-0.252142E0);( ...
  -0.536629E0),(-0.250915E0);(-0.537142E0),(-0.25E0);(-0.539074E0),( ...
  -0.24664E0);(-0.559188E0),(-0.214286E0);(-0.563684E0),( ...
  -0.206541E0);(-0.571429E0),(-0.190613E0);(-0.575367E0),( ...
  -0.18251E0);(-0.576979E0),(-0.178571E0);(-0.58064E0),(-0.16936E0); ...
  (-0.585844E0),(-0.157273E0);(-0.59098E0),(-0.142857E0);( ...
  -0.595019E0),(-0.130733E0);(-0.599057E0),(-0.115229E0);( ...
  -0.601473E0),(-0.107143E0);(-0.602655E0),(-0.102655E0);( ...
  -0.607143E0),(-0.79755E-1);(-0.608775E0),(-0.714286E-1);( ...
  -0.612999E0),(-0.4157E-1);(-0.613095E0),(-0.297625E-1);( ...
  -0.61476E0),0.256737E-35;(-0.613981E0),0.288759E-1;(-0.613317E0), ...
  0.357143E-1;(-0.612337E0),0.409082E-1;(-0.608816E0),0.714286E-1;( ...
  -0.607143E0),0.787498E-1;(-0.602435E0),0.102435E0;(-0.601673E0), ...
  0.107143E0;(-0.599518E0),0.114768E0;(-0.594805E0),0.130519E0;( ...
  -0.590926E0),0.142857E0;(-0.589286E0),0.147128E0;(-0.585696E0), ...
  0.157125E0;(-0.58115E0),0.16885E0;(-0.577098E0),0.178571E0;( ...
  -0.575238E0),0.182381E0;(-0.571429E0),0.19029E0;(-0.568694E0), ...
  0.196429E0;(-0.563516E0),0.206373E0;(-0.5594E0),0.214286E0;( ...
  -0.553571E0),0.223892E0;(-0.550615E0),0.229186E0;(-0.540052E0), ...
  0.245662E0;(-0.537288E0),0.25E0;(-0.536581E0),0.250867E0;( ...
  -0.535714E0),0.251859E0;(-0.521502E0),0.271502E0;(-0.510547E0), ...
  0.285714E0;(-0.505358E0),0.291072E0;(-0.5E0),0.296048E0;( ...
  -0.488162E0),0.309591E0;(-0.476629E0),0.321429E0;(-0.469916E0), ...
  0.327059E0;(-0.464286E0),0.331567E0;(-0.455687E0),0.339286E0;( ...
  -0.450596E0),0.343453E0;(-0.446429E0),0.346304E0;(-0.432356E0), ...
  0.357143E0;(-0.430142E0),0.358713E0;(-0.428571E0),0.359606E0;( ...
  -0.420645E0),0.365069E0;(-0.419468E0),0.365897E0;(-0.410714E0), ...
  0.371412E0;(-0.408623E0),0.372909E0;(-0.40533E0),0.375E0;( ...
  -0.392857E0),0.381976E0;(-0.385984E0),0.385984E0;(-0.377753E0), ...
  0.390104E0;(-0.375E0),0.39155E0;(-0.372594E0),0.392857E0;( ...
  -0.362356E0),0.39807E0;(-0.357143E0),0.399875E0;(-0.349706E0), ...
  0.403278E0;(-0.344973E0),0.405027E0;(-0.339286E0),0.407333E0;( ...
  -0.336979E0),0.408408E0;(-0.330783E0),0.410714E0;(-0.321429E0), ...
  0.41383E0;(-0.316927E0),0.415215E0;(-0.310395E0),0.417537E0;( ...
  -0.303571E0),0.419445E0;(-0.302907E0),0.419643E0;(-0.296513E0), ...
  0.421513E0;(-0.291789E0),0.422497E0;(-0.285714E0),0.424131E0;( ...
  -0.282262E0),0.42512E0;(-0.268633E0),0.427796E0;(-0.267857E0), ...
  0.427998E0;(-0.267409E0),0.428123E0;(-0.264934E0),0.428571E0;( ...
  -0.252264E0),0.430835E0;(-0.25E0),0.431038E0;(-0.24757E0), ...
  0.431001E0;(-0.232143E0),0.433282E0;(-0.220737E0),0.435022E0;( ...
  -0.214286E0),0.434735E0;(-0.208685E0),0.434172E0;(-0.196429E0), ...
  0.435398E0;(-0.186246E0),0.436246E0;(-0.178571E0),0.43527E0;( ...
  -0.172477E0),0.434666E0;(-0.166965E0),0.434822E0;(-0.160714E0), ...
  0.434339E0;(-0.155818E0),0.433467E0;(-0.147487E0),0.433201E0;( ...
  -0.142857E0),0.432566E0;(-0.139741E0),0.431687E0;(-0.12662E0), ...
  0.430191E0;(-0.125E0),0.429844E0;(-0.124107E0),0.429465E0;( ...
  -0.120259E0),0.428571E0;(-0.109267E0),0.426447E0;(-0.107143E0), ...
  0.426413E0;(-0.104585E0),0.426013E0;(-0.94884E-1),0.422973E0;( ...
  -0.892857E-1),0.422411E0;(-0.806223E-1),0.419378E0;(-0.800519E-1), ...
  0.419338E0;(-0.714286E-1),0.417432E0;(-0.555658E-1),0.410714E0;( ...
  -0.539416E-1),0.410344E0;(-0.535714E-1),0.410374E0;(-0.531633E-1), ...
  0.410306E0;(-0.415694E-1),0.404859E0;(-0.357143E-1),0.40329E0;( ...
  -0.339598E-1),0.401786E0;(-0.294089E-1),0.399162E0;(-0.237386E-1), ...
  0.398739E0;(-0.178571E-1),0.397444E0;(-0.166341E-1),0.392857E0;( ...
  -0.778433E-2),0.390958E0];

